#puzzle0a

Welcome to ItrBFS
Initial State:
[0 ,1 ,2 ,3 ,4 ,5 ,6 ,7 ,8]

The Eight Tiles Are Aligned!
Solution path:
[0 ,1 ,2 ,3 ,4 ,5 ,6 ,7 ,8]

Path length = 0
Solution path:
[0 ,1 ,2 ,3 ,4 ,5 ,6 ,7 ,8]

Path length = 0
0 states examined.

----------------------------------
#puzzle1a

Welcome to ItrBFS
Initial State:
[1 ,0 ,2 ,3 ,4 ,5 ,6 ,7 ,8]
OPEN is now: [1 ,2 ,0 ,3 ,4 ,5 ,6 ,7 ,8], [0 ,1 ,2 ,3 ,4 ,5 ,6 ,7 ,8], [1 ,4 ,2 ,3 ,0 ,5 ,6 ,7 ,8]
OPEN is now: [0 ,1 ,2 ,3 ,4 ,5 ,6 ,7 ,8], [1 ,4 ,2 ,3 ,0 ,5 ,6 ,7 ,8], [1 ,2 ,3 ,0 ,4 ,5 ,6 ,7 ,8], [1 ,2 ,5 ,3 ,4 ,0 ,6 ,7 ,8]

The Eight Tiles Are Aligned!
Solution path:
[1 ,0 ,2 ,3 ,4 ,5 ,6 ,7 ,8]
[0 ,1 ,2 ,3 ,4 ,5 ,6 ,7 ,8]

Path length = 1
Solution path:
[1 ,0 ,2 ,3 ,4 ,5 ,6 ,7 ,8]
[0 ,1 ,2 ,3 ,4 ,5 ,6 ,7 ,8]

Path length = 1
2 states examined.

----------------------------------
#puzzle2a


Welcome to ItrBFS
Initial State:
[3 ,1 ,2 ,4 ,0 ,5 ,6 ,7 ,8]
OPEN is now: [3 ,1 ,2 ,4 ,5 ,0 ,6 ,7 ,8], [3 ,1 ,2 ,0 ,4 ,5 ,6 ,7 ,8], [3 ,0 ,2 ,4 ,1 ,5 ,6 ,7 ,8], [3 ,1 ,2 ,4 ,7 ,5 ,6 ,0 ,8]
OPEN is now: [3 ,1 ,2 ,0 ,4 ,5 ,6 ,7 ,8], [3 ,0 ,2 ,4 ,1 ,5 ,6 ,7 ,8], [3 ,1 ,2 ,4 ,7 ,5 ,6 ,0 ,8], [3 ,1 ,2 ,4 ,5 ,6 ,0 ,7 ,8], [3 ,1 ,0 ,4 ,5 ,2 ,6 ,7 ,8], [3 ,1 ,2 ,4 ,5 ,8 ,6 ,7 ,0]
OPEN is now: [3 ,0 ,2 ,4 ,1 ,5 ,6 ,7 ,8], [3 ,1 ,2 ,4 ,7 ,5 ,6 ,0 ,8], [3 ,1 ,2 ,4 ,5 ,6 ,0 ,7 ,8], [3 ,1 ,0 ,4 ,5 ,2 ,6 ,7 ,8], [3 ,1 ,2 ,4 ,5 ,8 ,6 ,7 ,0], [3 ,1 ,0 ,2 ,4 ,5 ,6 ,7 ,8], [0 ,1 ,2 ,3 ,4 ,5 ,6 ,7 ,8], [3 ,1 ,2 ,6 ,4 ,5 ,0 ,7 ,8]
OPEN is now: [3 ,1 ,2 ,4 ,7 ,5 ,6 ,0 ,8], [3 ,1 ,2 ,4 ,5 ,6 ,0 ,7 ,8], [3 ,1 ,0 ,4 ,5 ,2 ,6 ,7 ,8], [3 ,1 ,2 ,4 ,5 ,8 ,6 ,7 ,0], [3 ,1 ,0 ,2 ,4 ,5 ,6 ,7 ,8], [0 ,1 ,2 ,3 ,4 ,5 ,6 ,7 ,8], [3 ,1 ,2 ,6 ,4 ,5 ,0 ,7 ,8], [3 ,2 ,0 ,4 ,1 ,5 ,6 ,7 ,8], [0 ,3 ,2 ,4 ,1 ,5 ,6 ,7 ,8]
OPEN is now: [3 ,1 ,2 ,4 ,5 ,6 ,0 ,7 ,8], [3 ,1 ,0 ,4 ,5 ,2 ,6 ,7 ,8], [3 ,1 ,2 ,4 ,5 ,8 ,6 ,7 ,0], [3 ,1 ,0 ,2 ,4 ,5 ,6 ,7 ,8], [0 ,1 ,2 ,3 ,4 ,5 ,6 ,7 ,8], [3 ,1 ,2 ,6 ,4 ,5 ,0 ,7 ,8], [3 ,2 ,0 ,4 ,1 ,5 ,6 ,7 ,8], [0 ,3 ,2 ,4 ,1 ,5 ,6 ,7 ,8], [3 ,1 ,2 ,4 ,7 ,5 ,6 ,8 ,0], [3 ,1 ,2 ,4 ,7 ,5 ,0 ,6 ,8]
OPEN is now: [3 ,1 ,0 ,4 ,5 ,2 ,6 ,7 ,8], [3 ,1 ,2 ,4 ,5 ,8 ,6 ,7 ,0], [3 ,1 ,0 ,2 ,4 ,5 ,6 ,7 ,8], [0 ,1 ,2 ,3 ,4 ,5 ,6 ,7 ,8], [3 ,1 ,2 ,6 ,4 ,5 ,0 ,7 ,8], [3 ,2 ,0 ,4 ,1 ,5 ,6 ,7 ,8], [0 ,3 ,2 ,4 ,1 ,5 ,6 ,7 ,8], [3 ,1 ,2 ,4 ,7 ,5 ,6 ,8 ,0], [3 ,1 ,2 ,4 ,7 ,5 ,0 ,6 ,8], [3 ,1 ,2 ,4 ,5 ,6 ,7 ,0 ,8], [3 ,1 ,2 ,0 ,5 ,6 ,4 ,7 ,8]
OPEN is now: [3 ,1 ,2 ,4 ,5 ,8 ,6 ,7 ,0], [3 ,1 ,0 ,2 ,4 ,5 ,6 ,7 ,8], [0 ,1 ,2 ,3 ,4 ,5 ,6 ,7 ,8], [3 ,1 ,2 ,6 ,4 ,5 ,0 ,7 ,8], [3 ,2 ,0 ,4 ,1 ,5 ,6 ,7 ,8], [0 ,3 ,2 ,4 ,1 ,5 ,6 ,7 ,8], [3 ,1 ,2 ,4 ,7 ,5 ,6 ,8 ,0], [3 ,1 ,2 ,4 ,7 ,5 ,0 ,6 ,8], [3 ,1 ,2 ,4 ,5 ,6 ,7 ,0 ,8], [3 ,1 ,2 ,0 ,5 ,6 ,4 ,7 ,8], [3 ,1 ,4 ,0 ,5 ,2 ,6 ,7 ,8], [3 ,0 ,1 ,4 ,5 ,2 ,6 ,7 ,8]
OPEN is now: [3 ,1 ,0 ,2 ,4 ,5 ,6 ,7 ,8], [0 ,1 ,2 ,3 ,4 ,5 ,6 ,7 ,8], [3 ,1 ,2 ,6 ,4 ,5 ,0 ,7 ,8], [3 ,2 ,0 ,4 ,1 ,5 ,6 ,7 ,8], [0 ,3 ,2 ,4 ,1 ,5 ,6 ,7 ,8], [3 ,1 ,2 ,4 ,7 ,5 ,6 ,8 ,0], [3 ,1 ,2 ,4 ,7 ,5 ,0 ,6 ,8], [3 ,1 ,2 ,4 ,5 ,6 ,7 ,0 ,8], [3 ,1 ,2 ,0 ,5 ,6 ,4 ,7 ,8], [3 ,1 ,4 ,0 ,5 ,2 ,6 ,7 ,8], [3 ,0 ,1 ,4 ,5 ,2 ,6 ,7 ,8], [3 ,1 ,2 ,4 ,5 ,8 ,6 ,0 ,7]
OPEN is now: [0 ,1 ,2 ,3 ,4 ,5 ,6 ,7 ,8], [3 ,1 ,2 ,6 ,4 ,5 ,0 ,7 ,8], [3 ,2 ,0 ,4 ,1 ,5 ,6 ,7 ,8], [0 ,3 ,2 ,4 ,1 ,5 ,6 ,7 ,8], [3 ,1 ,2 ,4 ,7 ,5 ,6 ,8 ,0], [3 ,1 ,2 ,4 ,7 ,5 ,0 ,6 ,8], [3 ,1 ,2 ,4 ,5 ,6 ,7 ,0 ,8], [3 ,1 ,2 ,0 ,5 ,6 ,4 ,7 ,8], [3 ,1 ,4 ,0 ,5 ,2 ,6 ,7 ,8], [3 ,0 ,1 ,4 ,5 ,2 ,6 ,7 ,8], [3 ,1 ,2 ,4 ,5 ,8 ,6 ,0 ,7], [3 ,0 ,1 ,2 ,4 ,5 ,6 ,7 ,8], [3 ,1 ,5 ,2 ,4 ,0 ,6 ,7 ,8]

The Eight Tiles Are Aligned!
Solution path:
[3 ,1 ,2 ,4 ,0 ,5 ,6 ,7 ,8]
[3 ,1 ,2 ,0 ,4 ,5 ,6 ,7 ,8]
[0 ,1 ,2 ,3 ,4 ,5 ,6 ,7 ,8]

Path length = 2
Solution path:
[3 ,1 ,2 ,4 ,0 ,5 ,6 ,7 ,8]
[3 ,1 ,2 ,0 ,4 ,5 ,6 ,7 ,8]
[0 ,1 ,2 ,3 ,4 ,5 ,6 ,7 ,8]

Path length = 2
9 states examined.

----------------------------------
#puzzle4a


The Eight Tiles Are Aligned!
Solution path:
[1 ,4 ,2 ,3 ,7 ,0 ,6 ,8 ,5]
[1 ,4 ,2 ,3 ,7 ,5 ,6 ,8 ,0]
[1 ,4 ,2 ,3 ,7 ,5 ,6 ,0 ,8]
[1 ,4 ,2 ,3 ,0 ,5 ,6 ,7 ,8]
[1 ,0 ,2 ,3 ,4 ,5 ,6 ,7 ,8]
[0 ,1 ,2 ,3 ,4 ,5 ,6 ,7 ,8]

Path length = 5
Solution path:
[1 ,4 ,2 ,3 ,7 ,0 ,6 ,8 ,5]
[1 ,4 ,2 ,3 ,7 ,5 ,6 ,8 ,0]
[1 ,4 ,2 ,3 ,7 ,5 ,6 ,0 ,8]
[1 ,4 ,2 ,3 ,0 ,5 ,6 ,7 ,8]
[1 ,0 ,2 ,3 ,4 ,5 ,6 ,7 ,8]
[0 ,1 ,2 ,3 ,4 ,5 ,6 ,7 ,8]

Path length = 5
161 states examined.
